 &TRANSPORT
 ndata(1, 1, 1)= 38,
 tdata(1, 1, 1, 1)= -0.10824, tdata(2, 1, 1, 1)= 20.0,
 tdata(1, 2, 1, 1)= -0.0999, tdata(2, 2, 1, 1)= 20.0,
 tdata(1, 3, 1, 1)= -0.08461, tdata(2, 3, 1, 1)= 20.0,
 tdata(1, 4, 1, 1)= -0.07137, tdata(2, 4, 1, 1)= 20.0,
 tdata(1, 5, 1, 1)= -0.05987, tdata(2, 5, 1, 1)= 20.0,
 tdata(1, 6, 1, 1)= -0.0499, tdata(2, 6, 1, 1)= 20.0,
 tdata(1, 7, 1, 1)= -0.04125, tdata(2, 7, 1, 1)= 20.0,
 tdata(1, 8, 1, 1)= -0.03378, tdata(2, 8, 1, 1)= 20.0,
 tdata(1, 9, 1, 1)= -0.02737, tdata(2, 9, 1, 1)= 20.0,
 tdata(1, 10, 1, 1)= -0.02191, tdata(2, 10, 1, 1)= 20.0,
 tdata(1, 11, 1, 1)= -0.01729, tdata(2, 11, 1, 1)= 20.0,
 tdata(1, 12, 1, 1)= -0.01343, tdata(2, 12, 1, 1)= 20.0,
 tdata(1, 13, 1, 1)= -0.01026, tdata(2, 13, 1, 1)= 20.0,
 tdata(1, 14, 1, 1)= -0.00767, tdata(2, 14, 1, 1)= 20.0,
 tdata(1, 15, 1, 1)= -0.00558, tdata(2, 15, 1, 1)= 19.99984,
 tdata(1, 16, 1, 1)= -0.00389, tdata(2, 16, 1, 1)= 19.99531,
 tdata(1, 17, 1, 1)= -0.00254, tdata(2, 17, 1, 1)= 19.93019,
 tdata(1, 18, 1, 1)= -0.00144, tdata(2, 18, 1, 1)= 19.40261,
 tdata(1, 19, 1, 1)= -0.00052, tdata(2, 19, 1, 1)= 17.05012,
 tdata(1, 20, 1, 1)= 0.00052, tdata(2, 20, 1, 1)= 11.64988,
 tdata(1, 21, 1, 1)= 0.00174, tdata(2, 21, 1, 1)= 9.03688,
 tdata(1, 22, 1, 1)= 0.00296, tdata(2, 22, 1, 1)= 8.73034,
 tdata(1, 23, 1, 1)= 0.00417, tdata(2, 23, 1, 1)= 8.70268,
 tdata(1, 24, 1, 1)= 0.00539, tdata(2, 24, 1, 1)= 8.70024,
 tdata(1, 25, 1, 1)= 0.00659, tdata(2, 25, 1, 1)= 8.70002,
 tdata(1, 26, 1, 1)= 0.0078, tdata(2, 26, 1, 1)= 8.7,
 tdata(1, 27, 1, 1)= 0.00901, tdata(2, 27, 1, 1)= 8.7,
 tdata(1, 28, 1, 1)= 0.01023, tdata(2, 28, 1, 1)= 8.7,
 tdata(1, 29, 1, 1)= 0.01144, tdata(2, 29, 1, 1)= 8.7,
 tdata(1, 30, 1, 1)= 0.01267, tdata(2, 30, 1, 1)= 8.7,
 tdata(1, 31, 1, 1)= 0.01389, tdata(2, 31, 1, 1)= 8.7,
 tdata(1, 32, 1, 1)= 0.01511, tdata(2, 32, 1, 1)= 8.7,
 tdata(1, 33, 1, 1)= 0.01633, tdata(2, 33, 1, 1)= 8.7,
 tdata(1, 34, 1, 1)= 0.01756, tdata(2, 34, 1, 1)= 8.7,
 tdata(1, 35, 1, 1)= 0.01878, tdata(2, 35, 1, 1)= 8.7,
 tdata(1, 36, 1, 1)= 0.02, tdata(2, 36, 1, 1)= 8.7,
 tdata(1, 37, 1, 1)= 0.02123, tdata(2, 37, 1, 1)= 8.7,
 tdata(1, 38, 1, 1)= 0.02191, tdata(2, 38, 1, 1)= 8.7,
 ndata(1, 3, 1)= 38,
 tdata(1, 1, 3, 1)= -0.10824, tdata(2, 1, 3, 1)= 6.0,
 tdata(1, 2, 3, 1)= -0.0999, tdata(2, 2, 3, 1)= 6.0,
 tdata(1, 3, 3, 1)= -0.08461, tdata(2, 3, 3, 1)= 6.0,
 tdata(1, 4, 3, 1)= -0.07137, tdata(2, 4, 3, 1)= 6.0,
 tdata(1, 5, 3, 1)= -0.05987, tdata(2, 5, 3, 1)= 6.0,
 tdata(1, 6, 3, 1)= -0.0499, tdata(2, 6, 3, 1)= 6.0,
 tdata(1, 7, 3, 1)= -0.04125, tdata(2, 7, 3, 1)= 5.99997,
 tdata(1, 8, 3, 1)= -0.03378, tdata(2, 8, 3, 1)= 5.99979,
 tdata(1, 9, 3, 1)= -0.02737, tdata(2, 9, 3, 1)= 5.99893,
 tdata(1, 10, 3, 1)= -0.02191, tdata(2, 10, 3, 1)= 5.99584,
 tdata(1, 11, 3, 1)= -0.01729, tdata(2, 11, 3, 1)= 5.98691,
 tdata(1, 12, 3, 1)= -0.01343, tdata(2, 12, 3, 1)= 5.96637,
 tdata(1, 13, 3, 1)= -0.01026, tdata(2, 13, 3, 1)= 5.92849,
 tdata(1, 14, 3, 1)= -0.00767, tdata(2, 14, 3, 1)= 5.87182,
 tdata(1, 15, 3, 1)= -0.00558, tdata(2, 15, 3, 1)= 5.80129,
 tdata(1, 16, 3, 1)= -0.00389, tdata(2, 16, 3, 1)= 5.7258,
 tdata(1, 17, 3, 1)= -0.00254, tdata(2, 17, 3, 1)= 5.65364,
 tdata(1, 18, 3, 1)= -0.00144, tdata(2, 18, 3, 1)= 5.58921,
 tdata(1, 19, 3, 1)= -0.00052, tdata(2, 19, 3, 1)= 5.53247,
 tdata(1, 20, 3, 1)= 0.00052, tdata(2, 20, 3, 1)= 5.46753,
 tdata(1, 21, 3, 1)= 0.00174, tdata(2, 21, 3, 1)= 5.39286,
 tdata(1, 22, 3, 1)= 0.00296, tdata(2, 22, 3, 1)= 5.32307,
 tdata(1, 23, 3, 1)= 0.00417, tdata(2, 23, 3, 1)= 5.2605,
 tdata(1, 24, 3, 1)= 0.00539, tdata(2, 24, 3, 1)= 5.20646,
 tdata(1, 25, 3, 1)= 0.00659, tdata(2, 25, 3, 1)= 5.16129,
 tdata(1, 26, 3, 1)= 0.0078, tdata(2, 26, 3, 1)= 5.12456,
 tdata(1, 27, 3, 1)= 0.00901, tdata(2, 27, 3, 1)= 5.09514,
 tdata(1, 28, 3, 1)= 0.01023, tdata(2, 28, 3, 1)= 5.07198,
 tdata(1, 29, 3, 1)= 0.01144, tdata(2, 29, 3, 1)= 5.05412,
 tdata(1, 30, 3, 1)= 0.01267, tdata(2, 30, 3, 1)= 5.04044,
 tdata(1, 31, 3, 1)= 0.01389, tdata(2, 31, 3, 1)= 5.03009,
 tdata(1, 32, 3, 1)= 0.01511, tdata(2, 32, 3, 1)= 5.02236,
 tdata(1, 33, 3, 1)= 0.01633, tdata(2, 33, 3, 1)= 5.01657,
 tdata(1, 34, 3, 1)= 0.01756, tdata(2, 34, 3, 1)= 5.01226,
 tdata(1, 35, 3, 1)= 0.01878, tdata(2, 35, 3, 1)= 5.00906,
 tdata(1, 36, 3, 1)= 0.02, tdata(2, 36, 3, 1)= 5.00669,
 tdata(1, 37, 3, 1)= 0.02123, tdata(2, 37, 3, 1)= 5.00493,
 tdata(1, 38, 3, 1)= 0.02191, tdata(2, 38, 3, 1)= 5.00416,
 ndata(1, 4, 1)= 38,
 tdata(1, 1, 4, 1)= -0.10824, tdata(2, 1, 4, 1)= 7.0,
 tdata(1, 2, 4, 1)= -0.0999, tdata(2, 2, 4, 1)= 7.0,
 tdata(1, 3, 4, 1)= -0.08461, tdata(2, 3, 4, 1)= 7.0,
 tdata(1, 4, 4, 1)= -0.07137, tdata(2, 4, 4, 1)= 7.0,
 tdata(1, 5, 4, 1)= -0.05987, tdata(2, 5, 4, 1)= 7.0,
 tdata(1, 6, 4, 1)= -0.0499, tdata(2, 6, 4, 1)= 7.0,
 tdata(1, 7, 4, 1)= -0.04125, tdata(2, 7, 4, 1)= 6.99997,
 tdata(1, 8, 4, 1)= -0.03378, tdata(2, 8, 4, 1)= 6.99979,
 tdata(1, 9, 4, 1)= -0.02737, tdata(2, 9, 4, 1)= 6.99893,
 tdata(1, 10, 4, 1)= -0.02191, tdata(2, 10, 4, 1)= 6.99584,
 tdata(1, 11, 4, 1)= -0.01729, tdata(2, 11, 4, 1)= 6.98691,
 tdata(1, 12, 4, 1)= -0.01343, tdata(2, 12, 4, 1)= 6.96637,
 tdata(1, 13, 4, 1)= -0.01026, tdata(2, 13, 4, 1)= 6.92849,
 tdata(1, 14, 4, 1)= -0.00767, tdata(2, 14, 4, 1)= 6.87182,
 tdata(1, 15, 4, 1)= -0.00558, tdata(2, 15, 4, 1)= 6.80129,
 tdata(1, 16, 4, 1)= -0.00389, tdata(2, 16, 4, 1)= 6.7258,
 tdata(1, 17, 4, 1)= -0.00254, tdata(2, 17, 4, 1)= 6.65364,
 tdata(1, 18, 4, 1)= -0.00144, tdata(2, 18, 4, 1)= 6.58921,
 tdata(1, 19, 4, 1)= -0.00052, tdata(2, 19, 4, 1)= 6.53247,
 tdata(1, 20, 4, 1)= 0.00052, tdata(2, 20, 4, 1)= 6.46753,
 tdata(1, 21, 4, 1)= 0.00174, tdata(2, 21, 4, 1)= 6.39286,
 tdata(1, 22, 4, 1)= 0.00296, tdata(2, 22, 4, 1)= 6.32307,
 tdata(1, 23, 4, 1)= 0.00417, tdata(2, 23, 4, 1)= 6.2605,
 tdata(1, 24, 4, 1)= 0.00539, tdata(2, 24, 4, 1)= 6.20646,
 tdata(1, 25, 4, 1)= 0.00659, tdata(2, 25, 4, 1)= 6.16129,
 tdata(1, 26, 4, 1)= 0.0078, tdata(2, 26, 4, 1)= 6.12456,
 tdata(1, 27, 4, 1)= 0.00901, tdata(2, 27, 4, 1)= 6.09514,
 tdata(1, 28, 4, 1)= 0.01023, tdata(2, 28, 4, 1)= 6.07198,
 tdata(1, 29, 4, 1)= 0.01144, tdata(2, 29, 4, 1)= 6.05412,
 tdata(1, 30, 4, 1)= 0.01267, tdata(2, 30, 4, 1)= 6.04044,
 tdata(1, 31, 4, 1)= 0.01389, tdata(2, 31, 4, 1)= 6.03009,
 tdata(1, 32, 4, 1)= 0.01511, tdata(2, 32, 4, 1)= 6.02236,
 tdata(1, 33, 4, 1)= 0.01633, tdata(2, 33, 4, 1)= 6.01657,
 tdata(1, 34, 4, 1)= 0.01756, tdata(2, 34, 4, 1)= 6.01226,
 tdata(1, 35, 4, 1)= 0.01878, tdata(2, 35, 4, 1)= 6.00906,
 tdata(1, 36, 4, 1)= 0.02, tdata(2, 36, 4, 1)= 6.00669,
 tdata(1, 37, 4, 1)= 0.02123, tdata(2, 37, 4, 1)= 6.00493,
 tdata(1, 38, 4, 1)= 0.02191, tdata(2, 38, 4, 1)= 6.00416,
 no_pflux=.false.
 /
